[double3(24.821700000000,0.000000000000,0.000000000000),double3(-12.410850000000,21.496222765116,0.000000000000),double3(0.000000000000,0.000000000000,56.734300000000)]

double3(0.166665000000,0.333335000000,0.250000000000),
double3(0.333335000000,0.166665000000,0.750000000000),
double3(0.203700000000,0.296300000000,0.250000000000),
double3(0.296300000000,0.203700000000,0.750000000000),
double3(0.203700000000,0.407400000000,0.250000000000),
double3(0.296300000000,0.092600000000,0.750000000000),
double3(0.092600000000,0.296300000000,0.250000000000),
double3(0.407400000000,0.203700000000,0.750000000000),
double3(0.227650000000,0.272350000000,0.250000000000),
double3(0.272350000000,0.227650000000,0.750000000000),
double3(0.227650000000,0.455300000000,0.250000000000),
double3(0.272350000000,0.044700000000,0.750000000000),
double3(0.044700000000,0.272350000000,0.250000000000),
double3(0.455300000000,0.227650000000,0.750000000000),
double3(0.250000000000,0.250000000000,0.250000000000),
double3(0.250000000000,0.250000000000,0.750000000000),
double3(0.250000000000,0.000000000000,0.250000000000),
double3(0.250000000000,0.000000000000,0.750000000000),
double3(0.000000000000,0.250000000000,0.250000000000),
double3(0.000000000000,0.250000000000,0.750000000000),
double3(0.250000000000,0.250000000000,0.166700000000),
double3(0.250000000000,0.250000000000,0.833300000000),
double3(0.250000000000,0.000000000000,0.166700000000),
double3(0.250000000000,0.000000000000,0.833300000000),
double3(0.000000000000,0.250000000000,0.166700000000),
double3(0.000000000000,0.250000000000,0.833300000000),
double3(0.250000000000,0.250000000000,0.083300000000),
double3(0.250000000000,0.250000000000,0.916700000000),
double3(0.250000000000,0.000000000000,0.083300000000),
double3(0.250000000000,0.000000000000,0.916700000000),
double3(0.000000000000,0.250000000000,0.083300000000),
double3(0.000000000000,0.250000000000,0.916700000000),
double3(0.250000000000,0.250000000000,0.000000000000),
double3(0.250000000000,0.000000000000,0.000000000000),
double3(0.000000000000,0.250000000000,0.000000000000),
double3(0.499998333333,0.000001666667,0.583333333333),
double3(0.166668333333,0.333331666667,0.083333333333),
double3(0.037033333333,0.462966666667,0.583333333333),
double3(0.129633333333,0.370366666667,0.083333333333),
double3(0.037033333333,0.074066666667,0.583333333333),
double3(0.129633333333,0.259266666667,0.083333333333),
double3(0.425933333333,0.462966666667,0.583333333333),
double3(0.240733333333,0.370366666667,0.083333333333),
double3(0.060983333333,0.439016666667,0.583333333333),
double3(0.105683333333,0.394316666667,0.083333333333),
double3(0.060983333333,0.121966666667,0.583333333333),
double3(0.105683333333,0.211366666667,0.083333333333),
double3(0.378033333333,0.439016666667,0.583333333333),
double3(0.288633333333,0.394316666667,0.083333333333),
double3(0.083333333333,0.416666666667,0.583333333333),
double3(0.083333333333,0.416666666667,0.083333333333),
double3(0.083333333333,0.166666666667,0.583333333333),
double3(0.083333333333,0.166666666667,0.083333333333),
double3(0.333333333333,0.416666666667,0.583333333333),
double3(0.333333333333,0.416666666667,0.083333333333),
double3(0.083333333333,0.416666666667,0.500033333333),
double3(0.083333333333,0.416666666667,0.166633333333),
double3(0.083333333333,0.166666666667,0.500033333333),
double3(0.083333333333,0.166666666667,0.166633333333),
double3(0.333333333333,0.416666666667,0.500033333333),
double3(0.333333333333,0.416666666667,0.166633333333),
double3(0.083333333333,0.416666666667,0.416633333333),
double3(0.083333333333,0.416666666667,0.250033333333),
double3(0.083333333333,0.166666666667,0.416633333333),
double3(0.083333333333,0.166666666667,0.250033333333),
double3(0.333333333333,0.416666666667,0.416633333333),
double3(0.333333333333,0.416666666667,0.250033333333),
double3(0.083333333333,0.416666666667,0.333333333333),
double3(0.083333333333,0.166666666667,0.333333333333),
double3(0.333333333333,0.416666666667,0.333333333333),
double3(0.499998333333,0.499996666667,0.583333333333),
double3(0.000003333333,0.000001666667,0.583333333333),
double3(0.333331666667,0.166668333333,0.916666666667),
double3(0.000001666667,0.499998333333,0.416666666667),
double3(0.370366666667,0.129633333333,0.916666666667),
double3(0.462966666667,0.037033333333,0.416666666667),
double3(0.370366666667,0.240733333333,0.916666666667),
double3(0.462966666667,0.425933333333,0.416666666667),
double3(0.259266666667,0.129633333333,0.916666666667),
double3(0.074066666667,0.037033333333,0.416666666667),
double3(0.394316666667,0.105683333333,0.916666666667),
double3(0.439016666667,0.060983333333,0.416666666667),
double3(0.394316666667,0.288633333333,0.916666666667),
double3(0.439016666667,0.378033333333,0.416666666667),
double3(0.211366666667,0.105683333333,0.916666666667),
double3(0.121966666667,0.060983333333,0.416666666667),
double3(0.416666666667,0.083333333333,0.916666666667),
double3(0.416666666667,0.083333333333,0.416666666667),
double3(0.416666666667,0.333333333333,0.916666666667),
double3(0.416666666667,0.333333333333,0.416666666667),
double3(0.166666666667,0.083333333333,0.916666666667),
double3(0.166666666667,0.083333333333,0.416666666667),
double3(0.416666666667,0.083333333333,0.833366666667),
double3(0.416666666667,0.083333333333,0.499966666667),
double3(0.416666666667,0.333333333333,0.833366666667),
double3(0.416666666667,0.333333333333,0.499966666667),
double3(0.166666666667,0.083333333333,0.833366666667),
double3(0.166666666667,0.083333333333,0.499966666667),
double3(0.416666666667,0.083333333333,0.749966666667),
double3(0.416666666667,0.083333333333,0.583366666667),
double3(0.416666666667,0.333333333333,0.749966666667),
double3(0.416666666667,0.333333333333,0.583366666667),
double3(0.166666666667,0.083333333333,0.749966666667),
double3(0.166666666667,0.083333333333,0.583366666667),
double3(0.416666666667,0.083333333333,0.666666666667),
double3(0.416666666667,0.333333333333,0.666666666667),
double3(0.166666666667,0.083333333333,0.666666666667),
double3(0.000001666667,0.000003333333,0.416666666667),
double3(0.499996666667,0.499998333333,0.416666666667),
double3(0.166665000000,0.833335000000,0.250000000000),
double3(0.333335000000,0.666665000000,0.750000000000),
double3(0.203700000000,0.796300000000,0.250000000000),
double3(0.296300000000,0.703700000000,0.750000000000),
double3(0.203700000000,0.907400000000,0.250000000000),
double3(0.296300000000,0.592600000000,0.750000000000),
double3(0.092600000000,0.796300000000,0.250000000000),
double3(0.407400000000,0.703700000000,0.750000000000),
double3(0.227650000000,0.772350000000,0.250000000000),
double3(0.272350000000,0.727650000000,0.750000000000),
double3(0.227650000000,0.955300000000,0.250000000000),
double3(0.272350000000,0.544700000000,0.750000000000),
double3(0.044700000000,0.772350000000,0.250000000000),
double3(0.455300000000,0.727650000000,0.750000000000),
double3(0.250000000000,0.750000000000,0.250000000000),
double3(0.250000000000,0.750000000000,0.750000000000),
double3(0.250000000000,0.500000000000,0.250000000000),
double3(0.250000000000,0.500000000000,0.750000000000),
double3(0.000000000000,0.750000000000,0.250000000000),
double3(0.000000000000,0.750000000000,0.750000000000),
double3(0.250000000000,0.750000000000,0.166700000000),
double3(0.250000000000,0.750000000000,0.833300000000),
double3(0.250000000000,0.500000000000,0.166700000000),
double3(0.250000000000,0.500000000000,0.833300000000),
double3(0.000000000000,0.750000000000,0.166700000000),
double3(0.000000000000,0.750000000000,0.833300000000),
double3(0.250000000000,0.750000000000,0.083300000000),
double3(0.250000000000,0.750000000000,0.916700000000),
double3(0.250000000000,0.500000000000,0.083300000000),
double3(0.250000000000,0.500000000000,0.916700000000),
double3(0.000000000000,0.750000000000,0.083300000000),
double3(0.000000000000,0.750000000000,0.916700000000),
double3(0.250000000000,0.750000000000,0.000000000000),
double3(0.250000000000,0.500000000000,0.000000000000),
double3(0.000000000000,0.750000000000,0.000000000000),
double3(0.166668333333,0.833331666667,0.083333333333),
double3(0.037033333333,0.962966666667,0.583333333333),
double3(0.129633333333,0.870366666667,0.083333333333),
double3(0.037033333333,0.574066666667,0.583333333333),
double3(0.129633333333,0.759266666667,0.083333333333),
double3(0.425933333333,0.962966666667,0.583333333333),
double3(0.240733333333,0.870366666667,0.083333333333),
double3(0.060983333333,0.939016666667,0.583333333333),
double3(0.105683333333,0.894316666667,0.083333333333),
double3(0.060983333333,0.621966666667,0.583333333333),
double3(0.105683333333,0.711366666667,0.083333333333),
double3(0.378033333333,0.939016666667,0.583333333333),
double3(0.288633333333,0.894316666667,0.083333333333),
double3(0.083333333333,0.916666666667,0.583333333333),
double3(0.083333333333,0.916666666667,0.083333333333),
double3(0.083333333333,0.666666666667,0.583333333333),
double3(0.083333333333,0.666666666667,0.083333333333),
double3(0.333333333333,0.916666666667,0.583333333333),
double3(0.333333333333,0.916666666667,0.083333333333),
double3(0.083333333333,0.916666666667,0.500033333333),
double3(0.083333333333,0.916666666667,0.166633333333),
double3(0.083333333333,0.666666666667,0.500033333333),
double3(0.083333333333,0.666666666667,0.166633333333),
double3(0.333333333333,0.916666666667,0.500033333333),
double3(0.333333333333,0.916666666667,0.166633333333),
double3(0.083333333333,0.916666666667,0.416633333333),
double3(0.083333333333,0.916666666667,0.250033333333),
double3(0.083333333333,0.666666666667,0.416633333333),
double3(0.083333333333,0.666666666667,0.250033333333),
double3(0.333333333333,0.916666666667,0.416633333333),
double3(0.333333333333,0.916666666667,0.250033333333),
double3(0.083333333333,0.916666666667,0.333333333333),
double3(0.083333333333,0.666666666667,0.333333333333),
double3(0.333333333333,0.916666666667,0.333333333333),
double3(0.000003333333,0.500001666667,0.583333333333),
double3(0.333331666667,0.666668333333,0.916666666667),
double3(0.370366666667,0.629633333333,0.916666666667),
double3(0.462966666667,0.537033333333,0.416666666667),
double3(0.370366666667,0.740733333333,0.916666666667),
double3(0.462966666667,0.925933333333,0.416666666667),
double3(0.259266666667,0.629633333333,0.916666666667),
double3(0.074066666667,0.537033333333,0.416666666667),
double3(0.394316666667,0.605683333333,0.916666666667),
double3(0.439016666667,0.560983333333,0.416666666667),
double3(0.394316666667,0.788633333333,0.916666666667),
double3(0.439016666667,0.878033333333,0.416666666667),
double3(0.211366666667,0.605683333333,0.916666666667),
double3(0.121966666667,0.560983333333,0.416666666667),
double3(0.416666666667,0.583333333333,0.916666666667),
double3(0.416666666667,0.583333333333,0.416666666667),
double3(0.416666666667,0.833333333333,0.916666666667),
double3(0.416666666667,0.833333333333,0.416666666667),
double3(0.166666666667,0.583333333333,0.916666666667),
double3(0.166666666667,0.583333333333,0.416666666667),
double3(0.416666666667,0.583333333333,0.833366666667),
double3(0.416666666667,0.583333333333,0.499966666667),
double3(0.416666666667,0.833333333333,0.833366666667),
double3(0.416666666667,0.833333333333,0.499966666667),
double3(0.166666666667,0.583333333333,0.833366666667),
double3(0.166666666667,0.583333333333,0.499966666667),
double3(0.416666666667,0.583333333333,0.749966666667),
double3(0.416666666667,0.583333333333,0.583366666667),
double3(0.416666666667,0.833333333333,0.749966666667),
double3(0.416666666667,0.833333333333,0.583366666667),
double3(0.166666666667,0.583333333333,0.749966666667),
double3(0.166666666667,0.583333333333,0.583366666667),
double3(0.416666666667,0.583333333333,0.666666666667),
double3(0.416666666667,0.833333333333,0.666666666667),
double3(0.166666666667,0.583333333333,0.666666666667),
double3(0.499996666667,0.999998333333,0.416666666667),
double3(0.666665000000,0.333335000000,0.250000000000),
double3(0.833335000000,0.166665000000,0.750000000000),
double3(0.703700000000,0.296300000000,0.250000000000),
double3(0.796300000000,0.203700000000,0.750000000000),
double3(0.703700000000,0.407400000000,0.250000000000),
double3(0.796300000000,0.092600000000,0.750000000000),
double3(0.592600000000,0.296300000000,0.250000000000),
double3(0.907400000000,0.203700000000,0.750000000000),
double3(0.727650000000,0.272350000000,0.250000000000),
double3(0.772350000000,0.227650000000,0.750000000000),
double3(0.727650000000,0.455300000000,0.250000000000),
double3(0.772350000000,0.044700000000,0.750000000000),
double3(0.544700000000,0.272350000000,0.250000000000),
double3(0.955300000000,0.227650000000,0.750000000000),
double3(0.750000000000,0.250000000000,0.250000000000),
double3(0.750000000000,0.250000000000,0.750000000000),
double3(0.750000000000,0.000000000000,0.250000000000),
double3(0.750000000000,0.000000000000,0.750000000000),
double3(0.500000000000,0.250000000000,0.250000000000),
double3(0.500000000000,0.250000000000,0.750000000000),
double3(0.750000000000,0.250000000000,0.166700000000),
double3(0.750000000000,0.250000000000,0.833300000000),
double3(0.750000000000,0.000000000000,0.166700000000),
double3(0.750000000000,0.000000000000,0.833300000000),
double3(0.500000000000,0.250000000000,0.166700000000),
double3(0.500000000000,0.250000000000,0.833300000000),
double3(0.750000000000,0.250000000000,0.083300000000),
double3(0.750000000000,0.250000000000,0.916700000000),
double3(0.750000000000,0.000000000000,0.083300000000),
double3(0.750000000000,0.000000000000,0.916700000000),
double3(0.500000000000,0.250000000000,0.083300000000),
double3(0.500000000000,0.250000000000,0.916700000000),
double3(0.750000000000,0.250000000000,0.000000000000),
double3(0.750000000000,0.000000000000,0.000000000000),
double3(0.500000000000,0.250000000000,0.000000000000),
double3(0.666668333333,0.333331666667,0.083333333333),
double3(0.537033333333,0.462966666667,0.583333333333),
double3(0.629633333333,0.370366666667,0.083333333333),
double3(0.537033333333,0.074066666667,0.583333333333),
double3(0.629633333333,0.259266666667,0.083333333333),
double3(0.925933333333,0.462966666667,0.583333333333),
double3(0.740733333333,0.370366666667,0.083333333333),
double3(0.560983333333,0.439016666667,0.583333333333),
double3(0.605683333333,0.394316666667,0.083333333333),
double3(0.560983333333,0.121966666667,0.583333333333),
double3(0.605683333333,0.211366666667,0.083333333333),
double3(0.878033333333,0.439016666667,0.583333333333),
double3(0.788633333333,0.394316666667,0.083333333333),
double3(0.583333333333,0.416666666667,0.583333333333),
double3(0.583333333333,0.416666666667,0.083333333333),
double3(0.583333333333,0.166666666667,0.583333333333),
double3(0.583333333333,0.166666666667,0.083333333333),
double3(0.833333333333,0.416666666667,0.583333333333),
double3(0.833333333333,0.416666666667,0.083333333333),
double3(0.583333333333,0.416666666667,0.500033333333),
double3(0.583333333333,0.416666666667,0.166633333333),
double3(0.583333333333,0.166666666667,0.500033333333),
double3(0.583333333333,0.166666666667,0.166633333333),
double3(0.833333333333,0.416666666667,0.500033333333),
double3(0.833333333333,0.416666666667,0.166633333333),
double3(0.583333333333,0.416666666667,0.416633333333),
double3(0.583333333333,0.416666666667,0.250033333333),
double3(0.583333333333,0.166666666667,0.416633333333),
double3(0.583333333333,0.166666666667,0.250033333333),
double3(0.833333333333,0.416666666667,0.416633333333),
double3(0.833333333333,0.416666666667,0.250033333333),
double3(0.583333333333,0.416666666667,0.333333333333),
double3(0.583333333333,0.166666666667,0.333333333333),
double3(0.833333333333,0.416666666667,0.333333333333),
double3(0.833331666667,0.166668333333,0.916666666667),
double3(0.870366666667,0.129633333333,0.916666666667),
double3(0.962966666667,0.037033333333,0.416666666667),
double3(0.870366666667,0.240733333333,0.916666666667),
double3(0.962966666667,0.425933333333,0.416666666667),
double3(0.759266666667,0.129633333333,0.916666666667),
double3(0.574066666667,0.037033333333,0.416666666667),
double3(0.894316666667,0.105683333333,0.916666666667),
double3(0.939016666667,0.060983333333,0.416666666667),
double3(0.894316666667,0.288633333333,0.916666666667),
double3(0.939016666667,0.378033333333,0.416666666667),
double3(0.711366666667,0.105683333333,0.916666666667),
double3(0.621966666667,0.060983333333,0.416666666667),
double3(0.916666666667,0.083333333333,0.916666666667),
double3(0.916666666667,0.083333333333,0.416666666667),
double3(0.916666666667,0.333333333333,0.916666666667),
double3(0.916666666667,0.333333333333,0.416666666667),
double3(0.666666666667,0.083333333333,0.916666666667),
double3(0.666666666667,0.083333333333,0.416666666667),
double3(0.916666666667,0.083333333333,0.833366666667),
double3(0.916666666667,0.083333333333,0.499966666667),
double3(0.916666666667,0.333333333333,0.833366666667),
double3(0.916666666667,0.333333333333,0.499966666667),
double3(0.666666666667,0.083333333333,0.833366666667),
double3(0.666666666667,0.083333333333,0.499966666667),
double3(0.916666666667,0.083333333333,0.749966666667),
double3(0.916666666667,0.083333333333,0.583366666667),
double3(0.916666666667,0.333333333333,0.749966666667),
double3(0.916666666667,0.333333333333,0.583366666667),
double3(0.666666666667,0.083333333333,0.749966666667),
double3(0.666666666667,0.083333333333,0.583366666667),
double3(0.916666666667,0.083333333333,0.666666666667),
double3(0.916666666667,0.333333333333,0.666666666667),
double3(0.666666666667,0.083333333333,0.666666666667),
double3(0.666665000000,0.833335000000,0.250000000000),
double3(0.833335000000,0.666665000000,0.750000000000),
double3(0.703700000000,0.796300000000,0.250000000000),
double3(0.796300000000,0.703700000000,0.750000000000),
double3(0.703700000000,0.907400000000,0.250000000000),
double3(0.796300000000,0.592600000000,0.750000000000),
double3(0.592600000000,0.796300000000,0.250000000000),
double3(0.907400000000,0.703700000000,0.750000000000),
double3(0.727650000000,0.772350000000,0.250000000000),
double3(0.772350000000,0.727650000000,0.750000000000),
double3(0.727650000000,0.955300000000,0.250000000000),
double3(0.772350000000,0.544700000000,0.750000000000),
double3(0.544700000000,0.772350000000,0.250000000000),
double3(0.955300000000,0.727650000000,0.750000000000),
double3(0.750000000000,0.750000000000,0.250000000000),
double3(0.750000000000,0.750000000000,0.750000000000),
double3(0.750000000000,0.500000000000,0.250000000000),
double3(0.750000000000,0.500000000000,0.750000000000),
double3(0.500000000000,0.750000000000,0.250000000000),
double3(0.500000000000,0.750000000000,0.750000000000),
double3(0.750000000000,0.750000000000,0.166700000000),
double3(0.750000000000,0.750000000000,0.833300000000),
double3(0.750000000000,0.500000000000,0.166700000000),
double3(0.750000000000,0.500000000000,0.833300000000),
double3(0.500000000000,0.750000000000,0.166700000000),
double3(0.500000000000,0.750000000000,0.833300000000),
double3(0.750000000000,0.750000000000,0.083300000000),
double3(0.750000000000,0.750000000000,0.916700000000),
double3(0.750000000000,0.500000000000,0.083300000000),
double3(0.750000000000,0.500000000000,0.916700000000),
double3(0.500000000000,0.750000000000,0.083300000000),
double3(0.500000000000,0.750000000000,0.916700000000),
double3(0.750000000000,0.750000000000,0.000000000000),
double3(0.750000000000,0.500000000000,0.000000000000),
double3(0.500000000000,0.750000000000,0.000000000000),
double3(0.666668333333,0.833331666667,0.083333333333),
double3(0.537033333333,0.962966666667,0.583333333333),
double3(0.629633333333,0.870366666667,0.083333333333),
double3(0.537033333333,0.574066666667,0.583333333333),
double3(0.629633333333,0.759266666667,0.083333333333),
double3(0.925933333333,0.962966666667,0.583333333333),
double3(0.740733333333,0.870366666667,0.083333333333),
double3(0.560983333333,0.939016666667,0.583333333333),
double3(0.605683333333,0.894316666667,0.083333333333),
double3(0.560983333333,0.621966666667,0.583333333333),
double3(0.605683333333,0.711366666667,0.083333333333),
double3(0.878033333333,0.939016666667,0.583333333333),
double3(0.788633333333,0.894316666667,0.083333333333),
double3(0.583333333333,0.916666666667,0.583333333333),
double3(0.583333333333,0.916666666667,0.083333333333),
double3(0.583333333333,0.666666666667,0.583333333333),
double3(0.583333333333,0.666666666667,0.083333333333),
double3(0.833333333333,0.916666666667,0.583333333333),
double3(0.833333333333,0.916666666667,0.083333333333),
double3(0.583333333333,0.916666666667,0.500033333333),
double3(0.583333333333,0.916666666667,0.166633333333),
double3(0.583333333333,0.666666666667,0.500033333333),
double3(0.583333333333,0.666666666667,0.166633333333),
double3(0.833333333333,0.916666666667,0.500033333333),
double3(0.833333333333,0.916666666667,0.166633333333),
double3(0.583333333333,0.916666666667,0.416633333333),
double3(0.583333333333,0.916666666667,0.250033333333),
double3(0.583333333333,0.666666666667,0.416633333333),
double3(0.583333333333,0.666666666667,0.250033333333),
double3(0.833333333333,0.916666666667,0.416633333333),
double3(0.833333333333,0.916666666667,0.250033333333),
double3(0.583333333333,0.916666666667,0.333333333333),
double3(0.583333333333,0.666666666667,0.333333333333),
double3(0.833333333333,0.916666666667,0.333333333333),
double3(0.833331666667,0.666668333333,0.916666666667),
double3(0.870366666667,0.629633333333,0.916666666667),
double3(0.962966666667,0.537033333333,0.416666666667),
double3(0.870366666667,0.740733333333,0.916666666667),
double3(0.962966666667,0.925933333333,0.416666666667),
double3(0.759266666667,0.629633333333,0.916666666667),
double3(0.574066666667,0.537033333333,0.416666666667),
double3(0.894316666667,0.605683333333,0.916666666667),
double3(0.939016666667,0.560983333333,0.416666666667),
double3(0.894316666667,0.788633333333,0.916666666667),
double3(0.939016666667,0.878033333333,0.416666666667),
double3(0.711366666667,0.605683333333,0.916666666667),
double3(0.621966666667,0.560983333333,0.416666666667),
double3(0.916666666667,0.583333333333,0.916666666667),
double3(0.916666666667,0.583333333333,0.416666666667),
double3(0.916666666667,0.833333333333,0.916666666667),
double3(0.916666666667,0.833333333333,0.416666666667),
double3(0.666666666667,0.583333333333,0.916666666667),
double3(0.666666666667,0.583333333333,0.416666666667),
double3(0.916666666667,0.583333333333,0.833366666667),
double3(0.916666666667,0.583333333333,0.499966666667),
double3(0.916666666667,0.833333333333,0.833366666667),
double3(0.916666666667,0.833333333333,0.499966666667),
double3(0.666666666667,0.583333333333,0.833366666667),
double3(0.666666666667,0.583333333333,0.499966666667),
double3(0.916666666667,0.583333333333,0.749966666667),
double3(0.916666666667,0.583333333333,0.583366666667),
double3(0.916666666667,0.833333333333,0.749966666667),
double3(0.916666666667,0.833333333333,0.583366666667),
double3(0.666666666667,0.583333333333,0.749966666667),
double3(0.666666666667,0.583333333333,0.583366666667),
double3(0.916666666667,0.583333333333,0.666666666667),
double3(0.916666666667,0.833333333333,0.666666666667),
double3(0.666666666667,0.583333333333,0.666666666667),
