-8710 1.00412e-05
-8460 1.00412e-05
-7510 1.00412e-05
-7400 1.00412e-05
-7280 1.00412e-05
-7240 1.00412e-05
-7010 1.00412e-05
-6750 1.00412e-05
-6430 1.00412e-05
-6390 1.00412e-05
-6190 1.00412e-05
-6120 1.00412e-05
-6010 1.00412e-05
-5960 2.00823e-05
-5950 1.00412e-05
-5810 1.00412e-05
-5750 1.00412e-05
-5690 1.00412e-05
-5630 1.00412e-05
-5570 1.00412e-05
-5550 1.00412e-05
-5540 1.00412e-05
-5500 2.00823e-05
-5480 1.00412e-05
-5460 1.00412e-05
-5370 2.00823e-05
-5300 3.01235e-05
-5270 1.00412e-05
-5260 2.00823e-05
-5240 2.00823e-05
-5210 1.00412e-05
-5200 4.01647e-05
-5180 1.00412e-05
-5170 1.00412e-05
-5160 1.00412e-05
-5140 1.00412e-05
-5130 1.00412e-05
-5100 2.00823e-05
-5080 3.01235e-05
-5070 1.00412e-05
-5060 3.01235e-05
-5050 2.00823e-05
-5040 2.00823e-05
-5030 2.00823e-05
-5010 2.00823e-05
-5000 2.00823e-05
-4980 1.00412e-05
-4960 2.00823e-05
-4950 3.01235e-05
-4940 1.00412e-05
-4930 1.00412e-05
-4910 2.00823e-05
-4900 2.00823e-05
-4890 3.01235e-05
-4880 2.00823e-05
-4870 1.00412e-05
-4860 2.00823e-05
-4850 1.00412e-05
-4840 3.01235e-05
-4830 3.01235e-05
-4810 4.01647e-05
-4800 3.01235e-05
-4790 2.00823e-05
-4780 3.01235e-05
-4770 1.00412e-05
-4760 3.01235e-05
-4750 3.01235e-05
-4740 6.0247e-05
-4730 3.01235e-05
-4720 1.00412e-05
-4710 3.01235e-05
-4700 2.00823e-05
-4690 1.00412e-05
-4680 2.00823e-05
-4670 2.00823e-05
-4660 5.02058e-05
-4650 3.01235e-05
-4630 1.00412e-05
-4620 1.00412e-05
-4610 4.01647e-05
-4600 3.01235e-05
-4590 2.00823e-05
-4580 3.01235e-05
-4560 2.00823e-05
-4550 4.01647e-05
-4540 3.01235e-05
-4520 2.00823e-05
-4510 4.01647e-05
-4500 7.02882e-05
-4490 5.02058e-05
-4480 1.00412e-05
-4470 3.01235e-05
-4460 2.00823e-05
-4450 2.00823e-05
-4440 1.00412e-05
-4430 3.01235e-05
-4420 3.01235e-05
-4410 4.01647e-05
-4400 4.01647e-05
-4390 5.02058e-05
-4380 5.02058e-05
-4370 1.00412e-05
-4360 4.01647e-05
-4350 7.02882e-05
-4340 3.01235e-05
-4330 3.01235e-05
-4320 3.01235e-05
-4310 5.02058e-05
-4300 1.00412e-05
-4290 3.01235e-05
-4280 2.00823e-05
-4270 4.01647e-05
-4260 5.02058e-05
-4250 5.02058e-05
-4240 3.01235e-05
-4230 2.00823e-05
-4220 6.0247e-05
-4210 3.01235e-05
-4200 5.02058e-05
-4190 8.03294e-05
-4180 6.0247e-05
-4170 4.01647e-05
-4160 3.01235e-05
-4150 9.03705e-05
-4120 8.03294e-05
-4110 6.0247e-05
-4100 3.01235e-05
-4090 5.02058e-05
-4080 5.02058e-05
-4070 6.0247e-05
-4060 6.0247e-05
-4050 4.01647e-05
-4040 4.01647e-05
-4030 6.0247e-05
-4020 8.03294e-05
-4010 8.03294e-05
-4000 9.03705e-05
-3990 0.000130535
-3980 6.0247e-05
-3970 8.03294e-05
-3960 7.02882e-05
-3950 6.0247e-05
-3940 6.0247e-05
-3930 6.0247e-05
-3920 8.03294e-05
-3910 8.03294e-05
-3900 7.02882e-05
-3890 7.02882e-05
-3880 6.0247e-05
-3870 3.01235e-05
-3860 5.02058e-05
-3850 8.03294e-05
-3840 5.02058e-05
-3830 7.02882e-05
-3820 2.00823e-05
-3810 7.02882e-05
-3800 0.000100412
-3790 4.01647e-05
-3780 0.000110453
-3770 8.03294e-05
-3760 9.03705e-05
-3750 0.000120494
-3740 9.03705e-05
-3730 0.000100412
-3720 9.03705e-05
-3710 9.03705e-05
-3700 0.000120494
-3690 0.000130535
-3680 0.000140576
-3670 0.000100412
-3660 0.000130535
-3650 0.000150618
-3640 8.03294e-05
-3630 0.000130535
-3620 8.03294e-05
-3610 0.000110453
-3600 8.03294e-05
-3590 9.03705e-05
-3580 0.000100412
-3570 7.02882e-05
-3560 0.000130535
-3550 7.02882e-05
-3540 0.000100412
-3530 0.000120494
-3520 9.03705e-05
-3510 0.000110453
-3500 0.000190782
-3490 0.000120494
-3480 0.000120494
-3470 0.000130535
-3460 0.000100412
-3450 0.000110453
-3440 8.03294e-05
-3430 0.000100412
-3420 7.02882e-05
-3410 0.000110453
-3400 7.02882e-05
-3390 0.000100412
-3380 0.000160659
-3370 0.000130535
-3360 0.000130535
-3350 0.000210865
-3340 0.0001707
-3330 0.000120494
-3320 0.000120494
-3310 0.000110453
-3300 0.000130535
-3290 0.000120494
-3280 0.000120494
-3270 0.000160659
-3260 0.000180741
-3250 0.000200823
-3240 0.0001707
-3230 0.000190782
-3220 0.000160659
-3210 0.000371523
-3200 0.000120494
-3190 9.03705e-05
-3180 0.000291194
-3170 0.000130535
-3160 0.000240988
-3150 0.000220906
-3140 0.000150618
-3130 0.000291194
-3120 0.000210865
-3110 0.000190782
-3100 0.000240988
-3090 0.0001707
-3080 0.000210865
-3070 0.000220906
-3060 0.000251029
-3050 0.000220906
-3040 0.000190782
-3030 0.000140576
-3020 0.000220906
-3010 0.000150618
-3000 0.000130535
-2990 0.000190782
-2980 0.000190782
-2970 0.000240988
-2960 0.000230947
-2950 0.000251029
-2940 0.000200823
-2930 0.000291194
-2920 0.000200823
-2910 0.0001707
-2900 0.000220906
-2890 0.0001707
-2880 0.0001707
-2870 0.000240988
-2860 0.000271112
-2850 0.000150618
-2840 0.000150618
-2830 0.000291194
-2820 0.000160659
-2810 0.000281153
-2800 0.000251029
-2790 0.000130535
-2780 0.000220906
-2770 0.000220906
-2760 0.000271112
-2750 0.000281153
-2740 0.0001707
-2730 0.000291194
-2720 0.000200823
-2710 0.000301235
-2700 0.000150618
-2690 0.000220906
-2680 0.000180741
-2670 0.000401647
-2660 0.000251029
-2650 0.000281153
-2640 0.00043177
-2630 0.000311276
-2620 0.000421729
-2610 0.000371523
-2600 0.000401647
-2590 0.000321317
-2580 0.000311276
-2570 0.000200823
-2560 0.000331359
-2550 0.000200823
-2540 0.000361482
-2530 0.000351441
-2520 0.000351441
-2510 0.000281153
-2500 0.000361482
-2490 0.000301235
-2480 0.000311276
-2470 0.000331359
-2460 0.000281153
-2450 0.000251029
-2440 0.000401647
-2430 0.000271112
-2420 0.000180741
-2410 0.000371523
-2400 0.000240988
-2390 0.000421729
-2380 0.000251029
-2370 0.000321317
-2360 0.000251029
-2350 0.0003414
-2340 0.000321317
-2330 0.000271112
-2320 0.000230947
-2310 0.000240988
-2300 0.00026107
-2290 0.000411688
-2280 0.000351441
-2270 0.000271112
-2260 0.000321317
-2250 0.000371523
-2240 0.000291194
-2230 0.00043177
-2220 0.000351441
-2210 0.000291194
-2200 0.000381564
-2190 0.000481976
-2180 0.000421729
-2170 0.000371523
-2160 0.000351441
-2150 0.000451853
-2140 0.000451853
-2130 0.000522141
-2120 0.000391606
-2110 0.000542223
-2100 0.000552264
-2090 0.0005121
-2080 0.000401647
-2070 0.000381564
-2060 0.000461894
-2050 0.000371523
-2040 0.000572347
-2030 0.000381564
-2020 0.00043177
-2010 0.000451853
-2000 0.000411688
-1990 0.0003414
-1980 0.000411688
-1970 0.000421729
-1960 0.000471935
-1950 0.000371523
-1940 0.000411688
-1930 0.00043177
-1920 0.000371523
-1910 0.000361482
-1900 0.000251029
-1890 0.000321317
-1880 0.000321317
-1870 0.000371523
-1860 0.000401647
-1850 0.000411688
-1840 0.000381564
-1830 0.000321317
-1820 0.000160659
-1810 0.000230947
-1800 0.000381564
-1790 0.000220906
-1780 0.000331359
-1770 0.000251029
-1760 0.000321317
-1750 0.000271112
-1740 0.000371523
-1730 0.0003414
-1720 0.000311276
-1710 0.000371523
-1700 0.000411688
-1690 0.000391606
-1680 0.000351441
-1670 0.000441811
-1660 0.000421729
-1650 0.000562305
-1640 0.000371523
-1630 0.0005121
-1620 0.000441811
-1610 0.000401647
-1600 0.000562305
-1590 0.000481976
-1580 0.0005121
-1570 0.000582388
-1560 0.000391606
-1550 0.000572347
-1540 0.000461894
-1530 0.000401647
-1520 0.000722964
-1510 0.000632594
-1500 0.000451853
-1490 0.00043177
-1480 0.000391606
-1470 0.000271112
-1460 0.000421729
-1450 0.000371523
-1440 0.000441811
-1430 0.000451853
-1420 0.000331359
-1410 0.000411688
-1400 0.000441811
-1390 0.0003414
-1380 0.000271112
-1370 0.000281153
-1360 0.000331359
-1350 0.000230947
-1340 0.000321317
-1330 0.00026107
-1320 0.000271112
-1310 0.000271112
-1300 0.000180741
-1290 0.000240988
-1280 0.000230947
-1270 0.000311276
-1260 0.000210865
-1250 0.000150618
-1240 0.000220906
-1230 0.000160659
-1220 0.000180741
-1210 0.000190782
-1200 0.000271112
-1190 0.000230947
-1180 0.000291194
-1170 0.000321317
-1160 0.000321317
-1150 0.000411688
-1140 0.000271112
-1130 0.000421729
-1120 0.000421729
-1110 0.000451853
-1100 0.000421729
-1090 0.000321317
-1080 0.0005121
-1070 0.000481976
-1060 0.000592429
-1050 0.000401647
-1040 0.000391606
-1030 0.000411688
-1020 0.000481976
-1010 0.000361482
-1000 0.000301235
-990 0.000381564
-980 0.000451853
-970 0.000331359
-960 0.000371523
-950 0.000441811
-940 0.000301235
-930 0.0003414
-920 0.0003414
-910 0.000281153
-900 0.000251029
-890 0.000271112
-880 0.000230947
-870 0.000200823
-860 0.000190782
-850 0.000240988
-840 0.000140576
-830 0.000160659
-820 0.000210865
-810 0.000120494
-800 0.000160659
-790 0.000140576
-780 0.000100412
-770 0.000130535
-760 0.000130535
-750 0.000130535
-740 6.0247e-05
-730 0.000100412
-720 5.02058e-05
-710 9.03705e-05
-700 4.01647e-05
-690 5.02058e-05
-680 4.01647e-05
-670 2.00823e-05
-660 8.03294e-05
-650 0.0001707
-640 0.000240988
-630 0.000200823
-620 0.000230947
-610 0.000200823
-600 0.000351441
-590 0.000240988
-580 0.000311276
-570 0.000331359
-560 0.000421729
-550 0.00026107
-540 0.000371523
-530 0.000331359
-520 0.000291194
-510 0.000321317
-500 0.000291194
-490 0.000240988
-480 0.000271112
-470 0.000180741
-460 0.0001707
-450 0.000180741
-440 0.000190782
-430 0.000210865
-420 0.000120494
-410 9.03705e-05
-400 0.000120494
-390 0.000100412
-380 0.000130535
-370 0.000110453
-360 9.03705e-05
-350 7.02882e-05
-340 4.01647e-05
-330 6.0247e-05
-320 7.02882e-05
-310 8.03294e-05
-300 4.01647e-05
-290 2.00823e-05
-280 5.02058e-05
-270 3.01235e-05
-250 6.0247e-05
-240 4.01647e-05
-230 3.01235e-05
-220 1.00412e-05
-210 4.01647e-05
-200 2.00823e-05
-190 1.00412e-05
-170 1.00412e-05
-150 2.00823e-05
-140 1.00412e-05
-130 2.00823e-05
-110 1.00412e-05
-100 2.00823e-05
-60 1.00412e-05
-50 1.00412e-05
-40 1.00412e-05
-30 1.00412e-05
-20 2.00823e-05
-10 0.0013656
