-4200 2.38322e-05
-3730 2.38322e-05
-3630 2.38322e-05
-3530 2.38322e-05
-3460 2.38322e-05
-3240 2.38322e-05
-3210 2.38322e-05
-3200 2.38322e-05
-3150 4.76644e-05
-3110 2.38322e-05
-3080 2.38322e-05
-3060 2.38322e-05
-3030 2.38322e-05
-3010 4.76644e-05
-2990 2.38322e-05
-2930 4.76644e-05
-2910 2.38322e-05
-2890 2.38322e-05
-2820 4.76644e-05
-2800 2.38322e-05
-2750 4.76644e-05
-2730 2.38322e-05
-2700 2.38322e-05
-2690 2.38322e-05
-2670 2.38322e-05
-2660 4.76644e-05
-2650 2.38322e-05
-2630 2.38322e-05
-2610 2.38322e-05
-2600 2.38322e-05
-2580 4.76644e-05
-2570 4.76644e-05
-2560 9.53289e-05
-2550 7.14967e-05
-2540 4.76644e-05
-2530 2.38322e-05
-2520 2.38322e-05
-2510 2.38322e-05
-2500 4.76644e-05
-2490 7.14967e-05
-2480 2.38322e-05
-2470 2.38322e-05
-2460 9.53289e-05
-2450 4.76644e-05
-2430 4.76644e-05
-2410 4.76644e-05
-2400 2.38322e-05
-2390 4.76644e-05
-2380 7.14967e-05
-2370 2.38322e-05
-2360 2.38322e-05
-2350 4.76644e-05
-2340 9.53289e-05
-2330 2.38322e-05
-2320 7.14967e-05
-2310 9.53289e-05
-2300 9.53289e-05
-2290 2.38322e-05
-2280 7.14967e-05
-2270 0.000142993
-2260 4.76644e-05
-2250 9.53289e-05
-2240 9.53289e-05
-2230 4.76644e-05
-2220 7.14967e-05
-2210 9.53289e-05
-2200 0.000119161
-2190 9.53289e-05
-2180 4.76644e-05
-2160 7.14967e-05
-2150 7.14967e-05
-2140 0.000119161
-2130 7.14967e-05
-2120 0.000119161
-2110 0.000119161
-2090 0.000142993
-2080 0.000119161
-2070 0.000119161
-2060 0.000190658
-2050 0.000119161
-2040 0.00021449
-2030 4.76644e-05
-2020 9.53289e-05
-2010 0.00021449
-2000 4.76644e-05
-1990 9.53289e-05
-1980 0.000166826
-1970 0.000119161
-1960 0.000166826
-1950 0.00021449
-1940 2.38322e-05
-1930 7.14967e-05
-1920 9.53289e-05
-1910 0.000119161
-1900 0.000238322
-1890 0.000190658
-1880 7.14967e-05
-1870 0.000142993
-1860 0.000119161
-1850 0.000119161
-1840 0.00021449
-1830 0.000166826
-1820 0.000333651
-1810 0.00021449
-1800 0.000238322
-1790 9.53289e-05
-1780 0.000309819
-1770 0.000166826
-1760 0.000166826
-1750 0.000166826
-1740 0.000166826
-1730 0.000119161
-1720 0.000166826
-1710 0.000309819
-1700 0.000262154
-1690 9.53289e-05
-1680 0.000142993
-1670 0.000190658
-1660 0.000142993
-1650 0.000190658
-1640 0.000190658
-1630 0.000166826
-1620 0.000333651
-1610 0.000238322
-1600 0.000357483
-1590 0.000285987
-1580 0.00021449
-1570 0.000309819
-1560 0.000285987
-1550 0.00042898
-1540 0.000333651
-1530 0.000262154
-1520 0.000405148
-1510 0.00042898
-1500 0.000476644
-1490 0.000309819
-1480 0.000381316
-1470 0.000357483
-1460 0.000476644
-1450 0.000238322
-1440 0.000285987
-1430 0.000238322
-1420 0.000285987
-1410 0.000357483
-1400 0.000357483
-1390 0.000500477
-1380 0.000500477
-1370 0.000262154
-1360 0.00042898
-1350 0.000595806
-1340 0.000405148
-1330 0.000476644
-1320 0.00021449
-1310 0.000381316
-1300 0.000500477
-1290 0.000500477
-1280 0.00042898
-1270 0.000405148
-1260 0.000309819
-1250 0.000405148
-1240 0.000238322
-1230 0.000309819
-1220 0.000405148
-1210 0.000548141
-1200 0.000571973
-1190 0.000357483
-1180 0.000333651
-1170 0.000524309
-1160 0.000595806
-1150 0.000595806
-1140 0.000452812
-1130 0.000524309
-1120 0.000667302
-1110 0.000548141
-1100 0.000548141
-1090 0.000619638
-1080 0.000571973
-1070 0.000500477
-1060 0.000381316
-1050 0.000667302
-1040 0.000714967
-1030 0.000548141
-1020 0.000595806
-1010 0.000619638
-1000 0.000810296
-990 0.000571973
-980 0.000929457
-970 0.000810296
-960 0.000595806
-950 0.000905624
-940 0.000881792
-930 0.000738799
-920 0.000714967
-910 0.000738799
-900 0.000738799
-890 0.000786463
-880 0.000881792
-870 0.000691134
-860 0.000762631
-850 0.00064347
-840 0.000619638
-830 0.000786463
-820 0.000476644
-810 0.000738799
-800 0.00064347
-790 0.000571973
-780 0.000667302
-770 0.00064347
-760 0.000595806
-750 0.000524309
-740 0.000405148
-730 0.000714967
-720 0.000524309
-710 0.000476644
-700 0.000476644
-690 0.000285987
-680 0.000262154
-670 0.000309819
-660 0.000309819
-650 0.000500477
-640 0.000548141
-630 0.000786463
-620 0.000738799
-610 0.000691134
-600 0.000953289
-590 0.00119161
-580 0.00121544
-570 0.00107245
-560 0.00119161
-550 0.00116778
-540 0.000834128
-530 0.000905624
-520 0.00100095
-510 0.000953289
-500 0.00100095
-490 0.000667302
-480 0.00085796
-470 0.00100095
-460 0.00085796
-450 0.00126311
-440 0.00107245
-430 0.00107245
-420 0.00112011
-410 0.00162059
-400 0.00112011
-390 0.0013346
-380 0.00116778
-370 0.00119161
-360 0.000691134
-350 0.00100095
-340 0.000714967
-330 0.000667302
-320 0.00064347
-310 0.000500477
-300 0.000548141
-290 0.000571973
-280 0.000452812
-270 0.000500477
-260 0.000595806
-250 0.000452812
-240 0.000405148
-230 0.000285987
-220 0.000166826
-210 0.000142993
-200 0.00021449
-190 0.000166826
-180 9.53289e-05
-170 0.000166826
-160 9.53289e-05
-150 0.00021449
-140 0.000119161
-130 9.53289e-05
-120 0.00021449
-110 0.000142993
-100 0.000119161
-90 9.53289e-05
-80 4.76644e-05
-70 0.000119161
-60 0.000119161
-50 7.14967e-05
-40 0.000142993
-30 2.38322e-05
-20 7.14967e-05
-10 0.000309819
